========================================================================
   RESULTADOS         GULOSO 
========================================================================
Instancia 0 de tamanho 1 x100 vertices
843286335 355 174
Instancia 1 de tamanho 1 x100 vertices
847275889 424 241
Instancia 2 de tamanho 1 x100 vertices
850876879 366 157
Instancia 0 de tamanho 3 x100 vertices
864030276 1080 880
Instancia 1 de tamanho 3 x100 vertices
875704614 1266 847
Instancia 2 de tamanho 3 x100 vertices
887024035 1311 851
Instancia 3 de tamanho 3 x100 vertices
904782940 1341 855
Instancia 0 de tamanho 10 x100 vertices
15462389 3987 9506
Instancia 1 de tamanho 10 x100 vertices
130344703 4020 8072
Instancia 2 de tamanho 10 x100 vertices
244559512 4100 7952
========================================================================
   RESULTADOS         GULOSO RANDOMIZADO (0.1) 
========================================================================
Instancia 0 de tamanho 1 x100 vertices
258054541 355 148
260833186 344 143
263458979 390 134
266097621 355 146
268631485 352 132
271104927 355 125
273693027 393 126
276104220 393 128
278494125 355 123
281297096 347 177
283841095 393 128
286225984 355 121
288998328 351 166
291582409 355 127
293975557 355 120
296770859 355 136
299416705 355 131
301846256 355 122
304508473 355 129
306978612 366 131
309438610 330 128
312349742 355 167
314841444 355 126
317220626 343 129
319838108 366 138
322294054 366 132
324690922 330 126
327413986 355 128
329879169 384 134
332337437 305 134
Instancia 1 de tamanho 1 x100 vertices
336006667 328 136
338432896 440 135
340834507 372 124
343609382 372 134
346043169 393 130
349616461 393 203
352439134 420 141
355264647 424 223
358754191 312 178
361998805 353 217
365324726 440 214
368867992 440 224
372389886 307 225
376114208 357 236
378623206 424 134
381130751 312 128
383560134 433 135
385912584 372 128
388329316 435 134
390776195 372 134
393158135 328 128
395696466 366 128
398087919 372 135
400494082 372 127
402850816 328 147
405315777 357 142
407771878 434 136
410132073 328 124
412654673 372 144
415136363 307 124
Instancia 2 de tamanho 1 x100 vertices
418556270 353 146
421868130 366 184
424491698 396 148
427157106 437 146
429761721 406 145
432438785 353 148
435132731 376 145
437663741 437 141
440263021 437 157
442979204 340 140
445481750 406 136
447891379 353 134
450354747 331 133
452894052 356 144
455393039 322 135
457875507 437 130
460310797 437 136
462748245 385 139
465281004 366 131
467637810 356 141
469915987 437 134
472306853 366 128
474724622 437 136
477176735 382 129
479522291 322 143
482035328 331 131
484469169 437 127
486849002 322 152
489351628 437 133
491839901 353 136
Instancia 0 de tamanho 3 x100 vertices
504555995 1199 864
515726774 1130 783
532703347 1231 865
543971935 1016 798
555065497 1096 834
566073395 1299 828
577337251 1080 815
588690716 1153 834
600516171 1127 805
615689609 1144 1375
628261305 1162 1027
640903759 1333 904
652934544 1256 942
664310184 1135 834
675858972 1087 835
687408080 1122 848
698829629 1032 841
712721845 1309 919
727121550 1131 1381
739447784 1271 854
751060866 1266 933
762650349 1276 823
774364558 1223 830
786087928 1137 873
797649308 1319 855
809350924 1159 805
820942985 1212 1005
832279529 1135 894
847975942 1245 999
859701013 1237 833
Instancia 1 de tamanho 3 x100 vertices
876296251 1155 878
890816698 1142 1125
903607352 1239 865
917173930 1251 1009
929676953 1266 821
940937001 1228 847
952221920 1214 841
963633908 1242 833
974798941 1337 1135
986677376 1343 855
998406415 1167 862
10218762 1208 836
22022535 1014 852
35431937 1151 1235
50784010 1184 1076
69297889 1044 817
87609023 1096 978
105259915 1124 786
121540626 1066 862
138112257 1263 994
152705114 1224 869
163960841 1195 860
175236115 1104 789
186444416 1174 883
197732646 1260 834
208958976 1096 742
220550790 1139 882
232401949 1224 921
244069283 1174 849
255778148 1169 885
Instancia 2 de tamanho 3 x100 vertices
268433500 1204 777
279825599 1244 825
291010308 1330 839
302158780 1056 822
313283242 1211 788
324309476 1208 885
335518709 1114 823
346444245 1293 726
357671033 1178 784
368864115 1132 737
380011923 1192 759
390996894 1059 759
401837616 1132 931
413174545 1315 850
424296636 1119 735
435439031 1045 837
452751640 1160 827
468340263 1172 780
479548233 1171 826
490884113 1180 790
501951944 1109 904
513134558 1280 772
524294333 1099 745
535138753 1222 821
546238014 1167 875
557489288 1213 781
568505285 1151 848
579709620 1041 827
591178201 994 774
602518968 1192 778
Instancia 3 de tamanho 3 x100 vertices
614502811 1192 841
625669234 1240 820
636927298 1210 791
648117793 1385 859
659250824 1136 774
670289258 1351 835
681492679 1342 805
692656100 1215 843
703908577 1252 808
714990182 1349 820
725984971 1377 845
737179632 1320 841
748257349 1368 857
759796771 1173 833
770977315 1321 804
782210071 1266 821
793326292 1236 782
804662640 1275 841
815794322 1333 784
827255567 1320 860
838524541 1158 792
849873924 1080 816
861085994 1215 846
872142520 1179 838
883336237 1244 773
894654645 1260 812
905818027 1322 795
917074801 1280 785
928254155 1135 777
939226426 1376 918
Instancia 0 de tamanho 10 x100 vertices
40572070 4127 7735
149068483 4188 7884
256269460 4271 7732
361483546 4122 7972
467339077 4062 7652
572030997 4273 7715
683950681 4142 7639
793654356 4014 7588
900249806 4309 7980
6632903 4226 7699
113136591 4333 8266
232268412 4239 10129
341816273 3953 7531
470706384 3846 8590
578129708 3923 7719
684615771 4007 7592
790753575 3919 7359
895976600 4126 7644
2036090 4177 7521
108260069 4314 8358
215196251 4343 8461
321967886 3910 7679
438835557 4030 7745
551679673 4234 8082
657922718 4106 8148
767914700 4240 7926
876290045 4185 7621
983564079 4201 7752
95672579 3964 7912
210347974 4337 8489
Instancia 1 de tamanho 10 x100 vertices
323696638 4197 7928
435208613 3938 7611
542410420 4053 8018
648965204 4041 7767
759393435 3937 7941
865921157 4213 7886
974353503 4243 7772
89094415 4387 8010
196317970 4052 8992
309877607 3859 7591
416749291 4062 7553
524701098 4311 7771
631570664 4097 7684
737901893 4164 7563
844212766 4176 8217
950317008 4079 7883
57565022 3968 7675
164639351 3965 7806
272976597 3901 7818
380380404 3879 7739
493076620 3960 7829
605164740 4163 8325
715086744 4387 8059
830741760 4407 9176
941735475 4156 8351
52759233 4024 8145
162538988 4120 7779
272017032 3928 8166
379808256 3926 7561
491497352 3943 7595
Instancia 2 de tamanho 10 x100 vertices
604261930 3956 7993
713537183 4243 8075
824530176 4172 7671
929679053 4230 8002
35443570 3966 7445
159404674 4387 7755
270629894 4413 7877
382738542 4216 8916
506651178 4078 7595
614306587 4125 7783
728884173 4320 7874
837644603 3933 7691
949544764 4562 8615
61428986 4054 7849
170150143 4184 7775
279281231 4061 9402
386118534 4278 7803
499617977 3897 7627
612232272 4058 7464
718746447 4388 7915
826679621 4158 7641
934718641 4275 7707
44983476 4085 7717
157751783 4017 7733
265176901 4344 8099
372820374 4265 8060
479321494 4114 7891
585920241 4292 7908
692632552 4166 8430
803103939 4144 7747
========================================================================
   RESULTADOS         GULOSO RANDOMIZADO (0.3) 
========================================================================
Instancia 0 de tamanho 1 x100 vertices
815498403 377 135
817981286 441 137
820448027 390 132
822840568 431 131
825398754 377 135
827973328 352 128
830574156 365 134
834405441 412 221
838130236 346 197
841857098 388 222
845949963 407 248
850177390 342 194
853582948 396 152
856734792 330 140
859564246 327 127
862888362 432 151
865926601 313 155
868780288 426 177
871654341 453 142
874367447 319 145
877005068 379 152
879665626 427 127
882078949 393 131
884626708 526 166
887355941 436 133
889810282 502 141
892254784 360 126
894853627 393 130
897459703 487 129
899863740 328 125
Instancia 1 de tamanho 1 x100 vertices
903246343 384 140
905681802 493 142
908062317 348 136
910599848 464 137
912997196 384 134
915310409 383 134
917938081 493 147
920357011 353 137
922745048 353 130
925157283 367 137
927540904 348 127
930666730 358 185
934112377 444 195
938007494 366 251
940964479 446 199
944472854 433 200
948716050 372 230
952739065 389 232
956979157 433 245
961112198 457 237
964996125 364 135
967520750 478 136
969938570 455 138
974223393 339 224
979128572 505 360
984052742 506 292
987312839 394 147
990008354 368 134
992809219 446 150
996809150 421 209
Instancia 2 de tamanho 1 x100 vertices
877170 429 140
3629007 373 144
6208736 369 140
9254443 375 190
12630169 351 190
15937755 425 236
20168745 405 291
24552087 356 263
28449678 407 140
31140204 502 181
33742221 421 132
36296798 459 137
39009484 460 137
41667570 444 141
44078534 406 129
46645503 350 133
49108768 328 132
51540231 430 136
54072401 307 158
56570717 442 151
59001277 336 127
61514479 386 126
64708297 452 184
67235950 327 129
70565844 512 202
73473175 470 156
76309975 397 148
79236083 315 151
81869190 361 186
84659500 406 132
Instancia 0 de tamanho 3 x100 vertices
97162969 1069 751
108644787 1030 855
122123580 1075 1224
134625839 1207 789
146484691 1073 1024
158639973 1196 793
170304701 1241 849
181821201 1167 827
193158553 1377 801
204086068 1317 809
215817312 1092 798
231107173 1257 830
248283742 1222 940
260226978 1377 853
272109063 1200 779
283748718 1192 824
294967328 1296 791
306110899 1371 817
317299516 1193 810
328527603 1126 784
339683084 1243 758
350944285 1416 847
368402746 1159 838
385250150 1367 862
403757481 1292 829
420472859 1432 828
431510978 1254 814
442737499 1349 833
453881972 1101 749
465128257 1302 891
Instancia 1 de tamanho 3 x100 vertices
478106144 1146 832
489587851 1245 841
500961267 1209 921
512739852 1267 845
525036648 1164 801
536270868 1288 803
547657503 1200 846
559141355 1318 802
570813665 1275 912
582507639 1233 785
593848773 1290 820
605312314 1227 830
616726649 1257 818
627892900 1194 885
639351829 1246 876
651165066 1165 794
662577222 1128 820
673553888 1252 767
685027635 1202 775
696037301 1286 801
707248611 1292 830
718228061 1037 750
729461892 1214 770
740638626 1289 820
752104422 1325 888
763330902 1141 768
774278460 1205 832
785462636 1205 804
796367247 1178 831
807349476 1302 788
Instancia 2 de tamanho 3 x100 vertices
819517124 1517 858
830698546 1239 814
841701076 1119 827
852891190 1441 847
863987646 1325 844
875002850 1317 803
885975606 1265 782
897016519 1252 792
913109676 1267 806
924278208 1400 789
935771967 1356 857
946968465 1131 751
958319346 1207 807
969752883 1275 773
985047758 1309 850
2430300 1247 1422
14566146 1324 800
33225943 1291 813
44619230 1134 792
55677408 1305 919
66869058 1182 782
77938122 1248 760
89716271 1192 828
100969184 1260 813
112431727 1268 854
124828655 1169 803
136389911 1275 773
147670550 1295 848
159070295 1236 785
170314401 1137 810
Instancia 3 de tamanho 3 x100 vertices
182648982 1239 783
193898383 1310 834
204920641 1150 707
220546260 1376 1298
237650889 1129 1036
253161414 1109 944
266619877 1126 800
278178991 1004 833
289611133 1175 781
301061697 1369 822
312194430 1328 802
323592918 1445 843
334681988 1143 808
345932068 1275 775
356910908 1344 814
368062069 1249 845
379258182 1174 784
390338258 1267 963
401739999 1324 814
412779207 1266 812
428402337 1213 1265
445707200 1260 1138
457401435 1176 767
474071731 1360 830
491246031 1231 813
502367769 1320 818
517932938 1353 863
533295098 1138 762
550968553 1298 1252
562671980 1196 760
Instancia 0 de tamanho 10 x100 vertices
663465572 4490 8142
772144624 4336 7496
883773625 3882 7245
988642935 4189 7654
94847433 3977 7700
201309527 4387 7987
309924942 4281 7624
415752196 4360 7620
521324087 4213 7516
626790796 4077 7667
733443572 4166 7469
839599120 4295 7903
946438316 4229 7490
52479250 4321 7434
159774122 4317 7775
266134314 4187 7892
372760692 4205 7315
478310686 4337 7948
583854498 3899 7589
689528912 4117 7449
796931469 4178 7840
903846172 4385 7966
10345795 4140 7690
117036315 4183 8301
226483110 4165 7825
337875850 4143 7462
443680718 4567 7622
549389390 3991 7701
661303869 4249 7846
768034984 4291 7633
Instancia 1 de tamanho 10 x100 vertices
875286444 4095 7605
982012325 4389 8119
93185198 4421 7871
203871125 4097 7685
312736942 4533 7938
432976097 4511 7903
543485274 4021 7566
649840537 4321 7832
763221253 4212 7863
876402266 4551 7811
988233282 4494 7930
99101945 4310 8071
208083615 4497 7794
317106017 4148 7847
424693330 4473 7827
532191099 3948 7776
639253380 4248 7721
745721062 4189 7727
852294631 4232 8011
960985035 4290 7960
73980058 4166 7756
184621133 4104 8094
296903467 4376 8228
404882369 4489 8186
513579694 3904 7891
621117324 4078 7886
729368928 4262 7902
837066173 4493 7922
945413645 4469 7810
54243393 4547 7834
Instancia 2 de tamanho 10 x100 vertices
165780208 4398 7951
277113239 4317 8067
388089871 4386 7602
495342747 4543 8104
603302648 4612 7959
710381829 4371 7838
817398883 4053 7371
928604274 4450 7595
33891179 4015 7627
150253803 4334 8208
258881217 4774 8393
367054445 4188 7796
476956148 4703 8013
581891152 4317 7652
694134933 4516 7860
807549353 4398 7858
919029631 4211 7767
28569968 4478 7777
135231151 4208 7692
241024512 4097 7670
347093024 4326 7636
455222827 4292 7376
564194337 4528 7623
672802240 4224 7714
777893869 4335 7496
889241584 4370 7918
673122 4010 7828
108311083 4107 8175
216111567 4320 8447
328208920 4262 7857
========================================================================
   RESULTADOS         GULOSO RANDOMIZADO (0.5) 
========================================================================
Instancia 0 de tamanho 1 x100 vertices
342354481 344 207
346175453 392 217
349936965 447 220
353190202 318 184
355957415 340 136
358628839 376 140
361667003 433 187
365481882 423 246
369477658 360 225
372482760 430 153
375364159 411 190
378401019 477 166
381151306 389 122
383590332 530 126
386233484 402 133
388732621 478 132
391099311 474 150
393766923 379 135
396218616 455 153
398704370 419 147
401223486 433 134
403651143 419 127
406224849 383 172
408782477 419 136
411228185 333 129
413665544 414 134
416188907 360 140
418621193 407 142
421089103 518 195
423654342 325 128
Instancia 1 de tamanho 1 x100 vertices
426996993 489 140
429440870 456 139
431889121 450 135
435225421 392 206
438644577 402 197
441959497 469 183
444733249 376 128
447226970 579 142
449676382 472 129
452514171 434 136
455030393 496 127
457463605 407 135
460947422 442 196
464579673 432 224
468179327 523 226
472136820 474 262
476312227 458 162
479291009 397 155
482278517 412 145
484871753 393 146
487460129 433 138
490089961 495 145
492577290 448 132
495031915 581 145
497586513 433 142
500021244 348 135
502393242 381 131
504858905 440 134
508014366 444 187
510728242 523 157
Instancia 2 de tamanho 1 x100 vertices
515680003 356 218
518457126 421 148
521741564 320 172
524976005 311 167
528293850 407 182
531534512 423 192
533968629 320 133
536476141 476 137
538924490 471 145
541386336 401 136
543937155 439 131
546340588 374 127
548719786 506 133
551122538 548 138
553606921 268 133
556003820 423 138
558384103 455 161
560849806 512 134
563262574 359 128
565858330 399 132
568249853 437 143
570626775 432 131
573033461 553 137
575473904 455 139
577920650 504 145
580360189 438 126
582753930 367 131
585134690 391 124
587742243 360 141
590211189 326 130
Instancia 0 de tamanho 3 x100 vertices
602273187 1317 918
613834083 1137 759
629952283 1386 835
646482938 1255 823
664492719 1288 887
682815387 1311 1250
694347666 1441 812
713697238 1211 751
731653327 1279 819
749437971 1345 853
766410627 1445 825
783194945 1319 1239
800886630 1202 772
817577699 1365 1316
829354149 1273 791
840250877 1602 947
851496286 1353 839
862582756 1434 870
879035757 1417 1387
890795014 1561 803
901781830 1360 885
913011707 1453 821
924114008 1323 935
935400281 1486 818
952645161 1287 767
969240646 1204 1164
987393486 1198 1144
4345893 1325 795
20191995 1279 1044
37239788 1655 860
Instancia 1 de tamanho 3 x100 vertices
53905074 1430 806
65642539 1272 790
80780262 1333 857
94610330 1263 1184
106669928 1217 778
118495993 1295 878
130027127 1301 782
141725034 1176 835
153244206 1289 787
164704888 1333 776
175657369 1309 822
187027121 1189 788
198050562 1269 787
209630380 1348 854
221311511 1379 833
233058071 1181 778
244612390 1248 742
256153884 1275 860
268538440 1393 1078
282758280 1402 1217
298224755 1298 1029
310918205 1303 798
321943021 1278 778
333124228 1216 797
344037178 1332 792
355268606 1098 787
366258834 1214 785
377479319 1191 766
388531786 1406 780
405246098 1164 771
Instancia 2 de tamanho 3 x100 vertices
423105244 1461 804
434315576 1515 790
450805489 1241 809
466008134 1061 939
478448557 1299 784
489746196 1402 1011
501253790 1265 785
512460346 1416 895
523831701 1358 824
534816236 1379 1064
546252277 1380 791
557353415 1438 709
568657075 1300 869
579877137 1460 812
594792923 1442 1059
607216891 1259 775
618300654 1286 777
634273875 1504 848
650982144 1354 790
662352152 1285 779
679640785 1299 1009
691668603 1428 796
703323418 1441 855
714761482 1312 796
729201799 1265 1011
745868586 1317 1238
757744354 1315 828
769038681 1346 785
780198058 1274 983
794332524 1297 830
Instancia 3 de tamanho 3 x100 vertices
809589761 1427 832
826897200 1455 851
844538171 1343 771
856062803 1491 839
867519401 1266 741
879135310 1273 800
890218317 1361 729
901729800 1244 782
912913680 1206 723
924293350 1162 728
935423215 1299 796
946610121 1227 788
957578476 1180 764
973587809 1342 795
990579352 1373 753
9076260 1284 794
27665403 1380 1075
39559372 1532 868
50931690 1333 726
62281978 1479 837
73474465 1459 807
86638372 1365 786
102135105 1502 871
115977812 1336 1292
128667091 1296 906
142516350 1246 929
156879527 1253 1108
171459078 1253 756
182712795 1224 753
193926972 1446 772
Instancia 0 de tamanho 10 x100 vertices
296144270 4578 7694
402975074 4588 7720
508759489 4199 7588
620738468 4248 7733
727906260 4648 7689
838607534 4507 7479
946715699 4320 7543
55714083 4574 7826
166972632 4978 7925
274009185 4481 7560
385242969 4666 7675
494009167 4818 7948
600355727 4981 7555
713634098 4599 7813
819456924 4514 7537
924743919 4208 7674
34712482 4472 7644
142440410 4366 7848
248513036 4571 7963
354315138 4702 7628
465365650 4227 7382
574130882 4651 7492
684530462 4386 7766
793056530 4744 7790
901531467 4409 7527
14230278 4352 7661
126095261 4513 7680
232757996 4398 7623
340110054 4276 7493
446135950 4070 7448
Instancia 1 de tamanho 10 x100 vertices
555978941 4558 7906
662496038 4720 8052
768836555 4613 7731
874787984 4521 7624
990496489 4373 7626
103736093 4260 7484
211528182 4472 7461
320150645 4453 7601
432848274 4616 7812
539246922 4239 7476
645000501 4554 7779
750567091 4254 7426
856214839 4465 7856
968330747 4439 7723
80030628 4293 7713
191014565 4586 8029
303508155 4245 7655
409775820 4773 7763
516161853 4499 7587
622471495 4694 7782
728435563 4612 7628
835018201 4301 7651
942685690 4431 7641
49323519 4528 7606
157250187 4405 7737
264694055 4492 7897
371929754 4649 7723
484708174 4388 7465
598377064 4532 7493
705983548 4446 7648
Instancia 2 de tamanho 10 x100 vertices
814002366 4424 7553
921096864 4295 7642
27967806 4763 7910
138313107 4666 8106
245619042 4491 7813
351770068 4452 7415
457296738 4340 7647
569657676 4863 7896
677125663 4651 8174
783876622 4699 7414
892051832 4442 7558
998563343 4598 7730
104457777 4372 8082
213705357 4580 8470
323054695 4636 7714
429258644 4224 7760
536081750 4740 7789
645443194 4658 7930
763155316 4930 8019
875087625 4728 8038
980866484 4460 7737
86928200 4658 8041
195559074 4932 7663
307225711 4503 7826
418795842 4110 7289
524642921 4963 7748
633317062 4912 8059
738766484 4549 7850
850608938 4609 7712
959003997 4623 7678
========================================================================
   RESULTADOS         GULOSO RANDOMIZADO REATIVO 
========================================================================
Instancia 0 de tamanho 1 x100 vertices
970467845 293 0.2 10 2349
976051559 288 0.2 100 16723
995419482 267 0.3 1000 112300
110676195 244 0.2 10000 1115701
Instancia 1 de tamanho 1 x100 vertices
229371050 294 0.3 10 2226
233972832 283 0.3 100 12531
248911306 281 0.2 1000 113750
365340241 256 0.5 10000 1122565
Instancia 2 de tamanho 1 x100 vertices
490737155 289 0.5 10 2305
495389712 288 0.3 100 12389
510038296 254 0.3 1000 112669
626241638 206 0.3 10000 1119770
Instancia 0 de tamanho 3 x100 vertices
757999410 1097 0.1 10 15399
789095594 1084 0.5 100 84813
889453727 995 0.1 1000 781511
681702084 913 0.2 10000 7707007
Instancia 1 de tamanho 3 x100 vertices
402496272 1155 0.2 10 16451
434780709 1051 0.5 100 85286
530780716 933 0.3 1000 783105
327379715 946 0.4 10000 7690784
Instancia 2 de tamanho 3 x100 vertices
34045822 1077 0.4 10 16027
66733383 1019 0.1 100 85055
162391437 948 0.1 1000 770476
948260164 927 0.1 10000 7701675
Instancia 3 de tamanho 3 x100 vertices
660653396 1026 0.4 10 15627
686824798 1058 0.2 100 85724
783360854 976 0.1 1000 781635
581164511 974 0.5 10000 7729146
Instancia 0 de tamanho 10 x100 vertices
409026605 4129 0.1 10 151081
661756584 3794 0.1 100 831716
598396695 3666 0.2 1000 7646959
347521459 3681 0.1 10000 75663707
Instancia 1 de tamanho 10 x100 vertices
111781965 3938 0.2 10 152753
363071926 3796 0.1 100 831885
293733091 3545 0.1 1000 7684631
76431385 3650 0.1 10000 76111817
Instancia 2 de tamanho 10 x100 vertices
287442373 4071 0.1 10 152435
542976860 3844 0.1 100 832475
473402573 3791 0.1 1000 7663906
241242170 3625 0.1 10000 75772522
