========================================================================
   RESULTADOS         GULOSO 
========================================================================
Instancia 0 de tamanho 1 x100 vertices
739064154 355 333
Instancia 1 de tamanho 1 x100 vertices
743411554 424 186
Instancia 2 de tamanho 1 x100 vertices
746727832 366 169
Instancia 3 de tamanho 1 x100 vertices
750035930 401 201
Instancia 0 de tamanho 3 x100 vertices
763961210 1080 914
Instancia 1 de tamanho 3 x100 vertices
775735943 1266 821
Instancia 2 de tamanho 3 x100 vertices
787512687 1311 893
Instancia 3 de tamanho 3 x100 vertices
798991006 1341 806
Instancia 4 de tamanho 3 x100 vertices
810206135 1273 818
Instancia 0 de tamanho 10 x100 vertices
911237222 3987 8111
Instancia 1 de tamanho 10 x100 vertices
19913322 4020 8059
Instancia 2 de tamanho 10 x100 vertices
128609225 4100 8437
Instancia 3 de tamanho 10 x100 vertices
236020467 3941 7828
========================================================================
   RESULTADOS         GULOSO RANDOMIZADO (0.1) 
========================================================================
Instancia 0 de tamanho 1 x100 vertices
249023453 355 141
251741552 355 137
254279959 355 130
256747474 424 134
259365985 390 142
261945070 393 135
264387223 393 122
266928175 343 130
269362963 355 130
271812309 343 130
274280706 426 133
276755777 355 128
279189506 393 133
281701283 355 153
285028585 426 194
288729047 355 245
291524111 351 138
295216467 366 218
298564452 355 217
301874939 355 174
305038141 355 166
308183042 355 185
311256009 355 172
314322267 355 164
316858951 355 124
319356602 477 139
321930646 355 131
324384832 439 134
326891610 371 130
329362107 355 137
Instancia 1 de tamanho 1 x100 vertices
332949631 372 140
335484301 424 136
337891826 307 125
340284891 424 131
342788866 434 138
345213639 396 127
347553450 469 133
350130943 434 154
352711987 434 154
355113848 328 125
357602115 420 164
360081833 396 133
362501651 440 133
364942812 385 132
367447463 420 137
369894702 307 122
372233589 372 155
375704485 420 207
379063201 372 186
382531320 333 205
386218245 434 216
390537698 328 238
394694253 372 233
398758861 372 227
402946794 328 263
407592486 426 258
410653319 307 150
413562741 434 157
416989817 328 166
422082924 489 217
Instancia 2 de tamanho 1 x100 vertices
427013174 362 207
430645369 362 200
434132897 366 148
436846592 396 148
439406831 356 144
442305515 322 173
445136555 437 147
447658609 353 142
450435962 353 148
452993609 417 142
455373230 437 142
458160208 353 168
461240961 443 152
463766416 366 127
466567683 437 144
469201721 406 140
471753456 437 135
474274539 360 145
477154898 353 152
479728542 360 176
482813988 406 145
485743967 396 207
489698245 406 202
492739250 356 158
495435069 366 164
498532005 382 195
501896605 322 184
504973532 382 153
507549369 437 165
510779734 437 165
Instancia 0 de tamanho 3 x100 vertices
524385816 1246 923
536411908 1307 900
548239041 1188 904
560272038 1316 923
572560253 1206 897
584205459 1087 820
595923070 1288 838
607397602 1104 833
618907841 1129 835
630065864 1195 796
641578754 1190 866
653162459 1104 800
667052102 1061 830
682263387 1265 850
695392030 1179 972
710445138 1221 1237
722593467 1297 833
734229732 1087 822
745768460 1179 874
757035960 1096 852
771652989 1078 801
787315754 1160 1047
804604850 1006 801
815881311 1162 980
827346482 1224 847
838547956 1189 912
849865985 1285 796
864679053 1055 898
879920529 1259 857
896738709 1027 782
Instancia 1 de tamanho 3 x100 vertices
910347916 1238 870
922572828 1177 1059
934844688 1216 865
946758197 1088 778
958114596 1164 736
969788802 1300 828
981485833 1028 853
993963808 1413 913
9763901 1124 792
27328554 1331 928
39308922 1193 783
51048741 1074 800
62663447 1240 813
74337605 1135 801
85739989 1259 842
97293322 1092 826
109080928 1111 913
121236462 1351 856
138294314 1101 1135
155863817 1125 1433
169436180 1240 873
181989411 1231 891
193675828 1280 846
205502882 1239 811
219671218 1251 838
236754081 1241 847
252426048 1136 818
271191225 1164 838
282877932 1085 786
294509874 1127 862
Instancia 2 de tamanho 3 x100 vertices
307002311 1213 764
318447590 1186 821
329929515 1190 1047
341758170 1374 793
353412755 937 751
364792808 1055 785
376433302 1214 794
387809720 1127 814
399722237 1145 803
411358529 1069 741
423799567 1144 899
436435590 1215 867
448232444 1325 830
460063794 1270 857
471600765 1190 830
483158180 1242 870
494695148 1207 801
506405764 1257 816
517708663 1233 777
530048639 1201 880
542195435 1173 947
554457105 1180 854
566906180 1102 855
578867536 1222 952
596841869 1275 841
613727022 1152 845
625139391 1170 835
642865079 1346 1325
661666524 1217 904
680484394 1205 801
Instancia 3 de tamanho 3 x100 vertices
699868293 1312 866
711274497 1284 804
722531629 1346 926
733933821 1290 855
750603874 1165 1356
763469510 1154 882
776193185 1217 982
787845512 1248 835
799063872 1311 832
810176030 1139 783
821297698 1306 794
832560829 1284 813
843801939 1217 790
855221456 1317 856
866692202 1283 839
878124211 1338 818
889428215 1336 851
900717464 1294 839
911976618 1263 803
923369320 1361 832
934826463 1266 815
946191677 1142 783
957476272 1181 815
968668883 1373 963
980001022 1351 874
991290473 1279 976
6453185 1213 1040
21713500 1107 938
39746153 1305 1092
51206633 1209 813
Instancia 0 de tamanho 10 x100 vertices
153151749 3968 7881
259835104 3995 7495
366501613 3947 7846
475219064 4078 7737
586480287 4039 7884
693481071 3954 7851
800264765 4293 7820
907392406 4150 7780
14311832 4169 7709
120583685 4141 7920
227864161 4091 7641
341312153 4341 8234
453093756 4187 8121
568189096 4028 8203
680959632 4416 7903
788563286 4325 8008
895628885 4020 7653
2240603 4122 7771
108900673 3952 7589
221405861 4184 8051
333299603 4305 8083
446992308 4200 7737
555034812 4442 8278
667170049 4039 7735
773735077 4177 7746
880543982 4287 7965
987101797 4140 7869
100052839 4161 7783
208146428 4188 8059
315313777 4222 7849
Instancia 1 de tamanho 10 x100 vertices
423744411 4041 7902
533225242 4101 8041
642891000 4190 8202
750849962 3947 7736
858454170 3994 8095
970214693 4221 8088
77409714 4333 8116
185032528 3910 7752
296375698 3824 8183
407406837 4362 7953
521477209 4130 8548
633163501 4061 7695
740900475 4303 8073
848803410 4235 7811
956913193 4227 7995
64491712 4153 8029
172625064 4219 8128
283009455 4194 7978
394517203 4046 8045
503024833 4176 7948
611837753 4185 7828
726858549 4182 8009
838120730 4202 7839
951881014 3983 7862
60333030 4257 8282
171813696 4028 7982
279599197 3949 7796
387208500 4258 7941
494841408 3625 7587
604056755 3991 7946
Instancia 2 de tamanho 10 x100 vertices
711016262 4228 7860
817672373 4361 7895
924152482 4190 7721
30464471 4094 7777
141806894 4202 7890
253574788 4036 7726
359765132 4367 7951
470734910 4321 7962
581753940 4340 7895
689050030 4145 8041
795923587 4104 7857
903495076 4266 7858
16003348 4266 7713
128181442 4441 8313
236058919 4170 7862
343541672 4062 7554
452096664 4187 8184
560567598 4281 7991
668093587 4278 8015
775069974 4188 7802
887649720 4128 7640
994162572 4490 8068
101851518 4123 7887
209724400 4030 7898
317265140 4408 8103
424589791 4054 7967
532979353 4261 8192
641180965 4013 7791
748181428 4030 8153
857088670 4231 7784
========================================================================
   RESULTADOS         GULOSO RANDOMIZADO (0.3) 
========================================================================
Instancia 0 de tamanho 1 x100 vertices
869572243 394 137
872135934 438 143
874532650 309 127
877099760 445 136
879583911 377 133
881960579 481 130
884522720 409 127
887019302 326 128
889544502 377 129
892233430 378 144
894864168 373 134
897373391 426 126
899988439 377 170
902783420 308 146
905332350 401 134
907921493 316 130
910513484 501 138
913024293 398 130
915727275 432 127
918472536 377 128
921053480 352 137
923659886 413 135
926225015 357 133
928744966 384 137
932059551 353 195
935417772 370 197
939308497 434 219
943082673 369 204
947049761 354 213
950748246 296 199
Instancia 1 de tamanho 1 x100 vertices
956514030 379 236
960671135 341 254
965175911 410 271
969800357 345 275
972576360 389 135
975081127 368 130
977740313 419 136
980320793 388 160
982820302 430 135
985386665 352 135
987916538 386 138
990437037 361 131
992984107 321 132
995540742 429 142
998014110 364 132
586790 357 139
3237978 525 146
5793749 368 131
8380741 354 127
10839930 361 141
13205648 362 149
15720742 333 140
18119076 393 132
20603750 425 132
23148004 452 133
25585497 494 137
27927011 376 130
30606566 354 148
33116289 370 132
35522095 428 130
Instancia 2 de tamanho 1 x100 vertices
40193353 435 221
43616781 469 189
47229095 492 207
51026737 356 205
55164004 362 263
59373006 413 264
63421503 375 240
67776764 439 254
72641216 439 248
77510621 383 281
82077400 389 261
86532671 444 283
89765886 421 123
94306242 416 248
99118464 452 303
103588688 387 290
108018867 319 299
110660942 447 147
113173746 530 181
116881052 502 258
120689461 279 238
124376620 313 200
127815760 443 216
130897720 284 170
133948219 366 179
137299668 391 193
140483963 456 136
142920050 462 140
145470492 474 147
149274798 303 232
Instancia 0 de tamanho 3 x100 vertices
167702174 1152 854
185220212 1237 918
198823363 1186 1284
211130826 1212 820
222924239 1238 821
234113223 1284 891
245598286 1432 850
257031866 1214 846
268360378 1367 854
283824171 1187 1147
299051941 1404 875
311052480 1398 837
322333352 1343 848
335967264 1308 908
350822792 1264 984
363231168 1395 872
381421951 1234 828
394833374 1158 1330
411102807 1201 851
427050418 1253 1009
439495877 1273 883
451392911 1202 853
463172555 1300 798
474519344 1163 842
485968273 1234 860
497265246 1179 769
508552721 1294 784
519808044 1278 858
532193808 1348 833
547348905 1413 1178
Instancia 1 de tamanho 3 x100 vertices
560227673 1117 886
574034669 1198 838
588841428 1200 860
600626839 1145 804
611864529 1179 767
623014013 1202 815
634125292 1169 752
645250450 1378 990
656700217 1057 812
667915880 1296 798
679082402 1243 806
690514556 1104 780
701639085 1143 817
712979021 1081 825
724472038 1122 748
735928874 1236 854
747585224 1142 824
758756331 1274 822
770225461 1239 806
781641072 1296 878
793005701 1050 782
804367117 1377 842
815742234 1310 838
827131706 1231 821
838560368 1314 843
849883618 1158 793
860955164 1221 777
872111952 1274 821
883474759 1228 822
894705854 1297 806
Instancia 2 de tamanho 3 x100 vertices
907010180 1450 838
918079745 1135 779
929148454 1163 807
942233863 1293 1204
957903974 1217 797
969156760 1160 915
980672438 1330 844
992595480 1412 882
4107877 1165 819
15632667 1169 788
27067636 1324 806
38138579 1204 823
49483068 1140 760
60639377 1342 865
71875580 1288 814
83016150 1422 885
94287722 1187 774
105570425 1293 838
116828509 1297 795
127857147 1177 799
138971102 1277 875
150343510 1085 770
161536051 1116 788
172727637 1307 863
184023222 1315 904
195848297 1376 999
207822884 1378 883
219482452 1229 907
230839761 1240 786
241964542 1311 1041
Instancia 3 de tamanho 3 x100 vertices
254730737 1335 805
266179036 1297 930
277713432 1265 831
288907353 1386 1001
300361580 1133 754
311461966 1372 898
322839507 1169 763
333759844 1117 866
349571911 1254 859
361351325 1211 824
375928116 1210 819
387442188 1442 771
398860876 1172 812
410068111 1279 797
421599608 1307 1113
434269084 1195 970
446140001 1084 790
457573144 1296 899
468945072 1339 855
480518214 1273 791
491675896 1227 831
503016732 1275 833
514266217 1484 855
525572156 1213 936
540941584 1373 956
556162673 1411 874
570588576 1159 980
584979279 1185 1110
596922801 1350 941
608751796 1266 822
Instancia 0 de tamanho 10 x100 vertices
710988538 4310 7799
819305648 3955 7881
926135528 4142 7756
33204991 4114 7577
139788857 4333 7793
252988137 4464 7745
359629878 4247 7698
468199619 4270 7890
576297417 4580 8225
683805347 3897 7733
795438789 4179 8107
908346570 4036 7450
13899530 4392 7920
125037921 4344 7682
236583409 4076 7680
349479710 4335 7943
456903490 4224 7887
564330823 4436 7861
671451963 4222 7828
785018885 3948 7374
892400982 4234 7982
999552010 4205 7995
106652938 4170 7909
214453595 4288 7965
321565734 4338 7910
439289919 4529 8162
550412601 4487 7963
660328586 4308 8190
768831167 4082 7584
876764929 4272 7668
Instancia 1 de tamanho 10 x100 vertices
986025195 4534 8120
95323974 4288 7860
204111499 4054 8735
313178052 3930 7657
421776908 4341 8289
531150200 4349 8122
640190072 4275 7871
748031457 4312 7810
861259556 4131 8150
973909434 4178 7936
85617318 4404 7749
195347996 4271 8382
305207046 4307 8024
413830162 4579 8138
527233883 4188 9197
639230963 4373 8394
749021208 4102 8159
859313835 4098 7855
972717081 4111 7933
81235787 4037 7875
195251720 4416 8243
304956300 4336 7919
418091114 4465 8152
529172313 4379 8184
639020078 4260 7840
747100654 4628 8767
856657015 4204 7777
969336997 4153 7862
78393600 4299 8077
189572654 4034 8581
Instancia 2 de tamanho 10 x100 vertices
301735968 4321 8130
410759782 4306 7758
522152538 4401 8587
633958032 4101 7860
744391851 4301 8142
856767479 4458 7842
967349502 4471 7642
74283803 4791 8069
181259428 3842 7591
288315914 4308 7865
401371151 4333 7991
507799418 4169 7741
616295715 4263 8002
722711656 4482 7776
834486815 4362 7945
941202151 4375 7837
47608695 4460 7972
154115188 4309 7675
261093203 4336 7735
366985422 4271 8629
483528754 4178 7640
594581783 4140 7798
701223904 4225 7773
807685042 4545 8089
914128812 4493 8106
20558207 4391 7813
132677123 4265 7563
240213666 4462 7923
347192520 4432 7875
456354819 3973 7655
========================================================================
   RESULTADOS         GULOSO RANDOMIZADO (0.5) 
========================================================================
Instancia 0 de tamanho 1 x100 vertices
470531512 507 198
474287453 398 195
477627871 470 133
480884828 342 190
483802903 480 177
486492222 415 136
488988271 466 161
491782490 378 131
494243304 394 129
496649246 311 131
499489462 496 134
501986670 519 133
504467383 450 190
507933597 397 182
510537631 438 134
513369612 386 183
516975971 360 203
520939797 454 234
525134746 471 222
529027863 387 147
532352664 346 165
536200229 443 194
539532690 338 214
542186099 344 135
545565854 425 181
548886122 458 194
552509154 429 184
556474137 477 227
559123666 460 159
562007724 488 175
Instancia 1 de tamanho 1 x100 vertices
566377334 490 200
569633589 496 178
572682211 351 134
575515307 378 178
578533020 394 159
581074048 399 133
583758816 409 138
586244444 479 139
588823789 537 150
592067267 381 131
594884778 423 130
597681560 444 148
600408302 446 139
602944080 412 127
605415297 339 145
607964995 406 140
610446186 585 156
612935144 413 179
616351064 427 216
619115038 447 142
621585428 492 142
624828766 529 211
627771983 488 166
631408460 428 206
634979567 442 220
637655887 383 137
640230008 458 152
642840357 314 144
646521704 443 205
649282638 454 156
Instancia 2 de tamanho 1 x100 vertices
653262949 388 153
655949450 551 159
658618604 444 144
661278594 518 136
663694896 342 135
666126375 299 180
669932508 460 218
673857447 378 223
677432238 443 219
681221103 405 218
685179256 391 217
689222213 388 263
693618824 450 245
697927173 412 318
702136356 338 226
706765954 512 247
709539856 487 137
712411146 417 159
716655803 412 250
719482285 407 218
722535342 330 155
725425559 461 162
728564268 330 161
731532002 449 151
733996833 507 133
736827804 494 143
740444611 342 211
744196212 341 205
747406284 380 171
749834761 571 133
Instancia 0 de tamanho 3 x100 vertices
762575758 1553 808
773992622 1278 881
785562755 1346 815
796820871 1141 743
808177508 1298 945
819594601 1398 872
830930037 1453 839
842026924 1345 755
853874557 1464 830
865008259 1314 763
881735964 1355 903
900047211 1457 931
911440847 1582 815
929361279 1482 842
946878710 1455 853
965940537 1414 918
984703043 1503 847
838507 1445 888
13270858 1448 807
28336403 1258 780
43830531 1333 1078
59267496 1262 1062
71738063 1327 779
83219159 1364 825
94454762 1129 772
105426083 1304 945
116768561 1339 831
133631711 1269 768
150081267 1412 774
161535798 1290 799
Instancia 1 de tamanho 3 x100 vertices
177847535 1180 913
191903253 1334 883
203857385 1258 833
215276947 1317 795
226943356 1319 863
238380846 1239 772
249787185 1301 756
261072874 1241 862
272373936 1134 746
283611777 1206 893
295102164 1205 841
306455144 1298 919
317854941 1281 815
329132032 1330 854
340581705 1282 821
351739310 1285 1034
363185606 1388 833
374459455 1413 891
385906132 1141 848
397256168 1259 814
408447505 1310 809
423834927 1161 884
435460401 1239 799
447216893 1251 827
459132155 1164 812
470656219 1147 767
481946680 1382 794
493245260 1127 743
504617465 1305 815
515933041 1282 848
Instancia 2 de tamanho 3 x100 vertices
529083147 1539 904
542079785 1380 1030
555135601 1380 849
567125509 1148 818
578662756 1272 769
590521229 1315 799
601995015 1390 840
613497716 1389 830
625228507 1359 832
636785476 1316 808
648007451 1505 841
659569995 1267 827
670778284 1182 773
682037786 1294 842
693279300 1355 811
704620919 1265 730
715568312 1349 778
726761365 1211 825
738089477 1442 818
749388977 1373 823
760786221 1313 821
772133879 1232 807
783300691 1417 790
794594454 1411 988
811953506 1231 938
828083189 1158 1017
843680217 1489 1031
858263293 1251 789
869546436 1310 814
880855062 1299 826
Instancia 3 de tamanho 3 x100 vertices
893048496 1269 776
904418412 1374 803
915463333 1349 764
926914007 1306 812
938251245 1286 729
949431104 1289 773
965210521 1179 1152
980526729 1315 798
991987197 1157 832
4860963 1422 830
16092437 1239 781
27844791 1266 838
39255778 1320 772
50692252 1340 824
61985762 1462 827
73308285 1295 836
84712772 1428 771
96224875 1297 816
107541524 1329 802
119056924 1187 791
130312262 1350 793
141696887 1235 791
152918132 1500 957
164398632 1388 806
175931015 1425 840
188018021 1323 847
199851176 1507 926
211828323 1301 847
223794035 1445 890
235206007 1512 757
Instancia 0 de tamanho 10 x100 vertices
339933784 4470 7822
454538157 4468 7389
562919114 4753 7794
671739172 4824 8156
779199092 4592 7970
887465276 4633 7881
994666218 4715 7737
102714244 4777 7994
209959740 4387 8011
317929534 4283 7686
425978968 4593 7915
540793328 4674 8029
651845409 4247 7815
764187998 4323 7820
878159508 4433 7858
989042784 4349 7719
98284046 4390 7662
205391415 4285 7722
312409785 4884 7837
424856411 4535 7750
534117821 4397 8439
642088190 4488 7707
748949844 4327 7817
862186276 4321 7767
972309606 4377 7890
85910811 4477 7698
193215375 4693 8404
302154784 4682 7884
411326401 4359 7809
519690510 4478 8787
Instancia 1 de tamanho 10 x100 vertices
631795957 4386 7795
744168428 4555 7757
851323330 4390 7982
958456388 4598 7768
66424217 4440 7857
173958216 4644 8028
281716797 4615 7976
389639628 4393 7738
504422070 4299 7765
615905613 4300 8246
726028585 4498 7937
835866470 4275 7580
945777656 4617 8013
55369476 4399 7598
164747017 4525 8797
278048414 4502 7685
385941468 4506 7703
494603708 4413 7820
603267304 4033 7701
711866353 4613 7930
821630430 4496 7729
930092458 4447 7884
38870110 4496 7886
147654664 4470 7635
256211905 4464 7612
369875940 4340 8146
480912631 4145 7795
591367453 4316 8101
701186169 4449 8144
814514878 4567 7861
Instancia 2 de tamanho 10 x100 vertices
926367307 4309 7709
33640009 4806 7884
141135177 4702 7954
248981078 4473 8115
356233745 4770 8193
466438377 4914 7878
574166687 4790 7796
681918771 4418 7790
788760557 4741 7615
895846865 4344 7672
2977418 4677 7686
109357207 4409 7683
216535639 4971 8040
323593095 4758 8173
431704959 4516 7792
539787242 4582 7970
647316419 4585 7821
754691008 4752 8066
867728355 4511 7404
974203696 4845 7719
80905949 4419 7868
188203387 4627 8115
296113573 4553 7887
405964583 4403 7628
517476181 4350 7974
628404128 4350 7554
734403263 4433 7568
843872622 4822 7759
950253724 4246 7786
56506848 4567 7775
========================================================================
   RESULTADOS         GULOSO RANDOMIZADO REATIVO 
========================================================================
Instancia 0 de tamanho 1 x100 vertices
68480425 355 0.1 10 2146
73975582 305 0.1 100 16420
92916647 293 0.1 1000 112361
208079861 292 0.1 10000 1113266
Instancia 1 de tamanho 1 x100 vertices
325028768 312 0.1 10 3129
331494486 307 0.1 100 17424
353171715 307 0.1 1000 121009
477828602 291 0.1 10000 1132052
Instancia 2 de tamanho 1 x100 vertices
612803985 437 0.1 10 2245
617376772 356 0.1 100 12472
632369450 320 0.1 1000 113570
748635165 320 0.1 10000 1126667
Instancia 3 de tamanho 1 x100 vertices
878958623 401 0.1 10 3703
885285234 327 0.1 100 13182
902403281 327 0.1 1000 118863
24193225 327 0.1 10000 1136509
Instancia 0 de tamanho 3 x100 vertices
172511860 1150 0.1 10 15714
199182530 1025 0.1 100 86778
296460088 1005 0.1 1000 789156
96291030 962 0.1 10000 7812548
Instancia 1 de tamanho 3 x100 vertices
919689902 1245 0.1 10 15606
946043293 1161 0.1 100 85211
41924390 1028 0.1 1000 786347
845285025 975 0.1 10000 7795679
Instancia 2 de tamanho 3 x100 vertices
656618147 1180 0.1 10 15429
687486476 1065 0.1 100 85267
783391727 941 0.1 1000 780184
574654145 913 0.1 10000 7758839
Instancia 3 de tamanho 3 x100 vertices
344612892 1218 0.1 10 15463
370579168 1122 0.1 100 86323
467623704 1094 0.1 1000 783794
262552947 1038 0.1 10000 7815695
Instancia 4 de tamanho 3 x100 vertices
91788053 1310 0.1 10 16427
118415074 1135 0.1 100 85884
215069476 1082 0.1 1000 786081
11698639 1017 0.1 10000 7811905
Instancia 0 de tamanho 10 x100 vertices
922792378 4081 0.1 10 153025
177809714 4030 0.1 100 844444
120272931 3716 0.1 1000 7751490
970963311 3644 0.1 10000 76660833
Instancia 1 de tamanho 10 x100 vertices
731888834 4038 0.1 10 151665
983282089 3864 0.1 100 848689
931241602 3775 0.1 1000 7797568
827820782 3645 0.1 10000 77207544
Instancia 2 de tamanho 10 x100 vertices
134098974 4102 0.1 10 152679
392615026 3960 0.1 100 847849
339797193 3930 0.1 1000 7774544
213064117 3739 0.1 10000 76924675
Instancia 3 de tamanho 10 x100 vertices
237737988 3956 0.1 10 153333
495842100 3808 0.1 100 843857
438960957 3757 0.1 1000 7760687
298634106 3546 0.1 10000 76676674
